import max_payne_sdk.max_kf2 as max_kf2
import sys
import json

if len(sys.argv) != 3:
    print("Specify input and output")
    exit()

MAX_IN = sys.argv[1]
MAX_OUT = sys.argv[2]

print("Reading KF2 file {}".format(MAX_IN))
kf2 = max_kf2.MaxKF2Reader().parse(MAX_IN)

q = []
for mesh in kf2.getMeshes():
    a = [
        mesh.node.object_to_parent_transform[0] + [0.0],
        mesh.node.object_to_parent_transform[1] + [0.0],
        mesh.node.object_to_parent_transform[2] + [0.0],
        mesh.node.object_to_parent_transform[3] + [1.0]
    ]
    a[3][0] = a[3][0] * 100.0
    a[3][1] = a[3][1] * 100.0
    a[3][2] = a[3][2] * 100.0

    node = {
        "name": mesh.node.name,
        "transform": a,
        "parent": mesh.node.parent_name
    }
    q.append(node)

f = open(MAX_OUT, "w")
f.write(json.dumps({'nodes': q}, indent = 4))
f.close()

nodes = [
    {
        "name": "Bip01",
        "transform": [
            [
                -1.430511474609375e-06,
                -4.371138828673793e-08,
                1.0,
                0.0
            ],
            [
                -1.0,
                6.252963912715265e-14,
                -1.430511474609375e-06,
                0.0
            ],
            [
                0.0,
                -1.0,
                -4.371138828673793e-08,
                0.0
            ],
            [
                -7.182211270162497e-07,
                97.16699719429016,
                -5.076778393231507e-05,
                1.0
            ]
        ],
        "parent": ""
    },
    {
        "name": "Bip01 Footsteps",
        "transform": [
            [
                -1.430511474609375e-06,
                -1.0,
                -0.0,
                0.0
            ],
            [
                1.0,
                -1.430511474609375e-06,
                0.0,
                0.0
            ],
            [
                0.0,
                0.0,
                1.0,
                0.0
            ],
            [
                1.02742360585527e-12,
                2.8421708795129297e-14,
                97.1370279788971,
                1.0
            ]
        ],
        "parent": "Bip01"
    },
    {
        "name": "Bip01 Pelvis",
        "transform": [
            [
                1.9232148425890605e-12,
                -1.3868001360606286e-06,
                -1.0,
                0.0
            ],
            [
                1.0,
                1.3868002497474663e-06,
                0.0,
                0.0
            ],
            [
                1.3868002497474663e-06,
                -1.0,
                1.3868001360606286e-06,
                0.0
            ],
            [
                -0.502072973176837,
                5.6843417590258594e-14,
                0.0,
                1.0
            ]
        ],
        "parent": "Bip01"
    },
    {
        "name": "Bip01 Spine",
        "transform": [
            [
                0.9976193308830261,
                -0.06896185129880905,
                -1.479134994042397e-06,
                0.0
            ],
            [
                0.06896185129880905,
                0.9976193308830261,
                4.0614627323520835e-06,
                0.0
            ],
            [
                1.195527602249058e-06,
                -4.1537973629601765e-06,
                1.0,
                0.0
            ],
            [
                10.16114056110382,
                -0.01818972814362496,
                -1.4116696434030018e-05,
                1.0
            ]
        ],
        "parent": "Bip01 Pelvis"
    },
    {
        "name": "Bip01 Spine1",
        "transform": [
            [
                0.9990482330322266,
                0.04361899569630623,
                -1.2098166735086124e-07,
                0.0
            ],
            [
                -0.04361899569630623,
                0.9990482330322266,
                2.6397186658755345e-09,
                0.0
            ],
            [
                1.2098166735086124e-07,
                2.639660490189044e-09,
                1.0,
                0.0
            ],
            [
                22.893743216991425,
                -0.02006279828492552,
                5.5646243168894216e-08,
                1.0
            ]
        ],
        "parent": "Bip01 Spine"
    },
    {
        "name": "Bip01 Neck",
        "transform": [
            [
                0.9832548499107361,
                0.18223562836647034,
                -5.054488383393618e-07,
                0.0
            ],
            [
                -0.18223562836647034,
                0.9832548499107361,
                4.6444167622894383e-08,
                0.0
            ],
            [
                5.05448781495943e-07,
                4.644436302214672e-08,
                1.0,
                0.0
            ],
            [
                25.219759345054626,
                -0.005170448639546521,
                1.4341619558599916e-08,
                1.0
            ]
        ],
        "parent": "Bip01 Spine1"
    },
    {
        "name": "Bip01 Head",
        "transform": [
            [
                0.9875631928443909,
                -0.15722228586673737,
                4.360679213277763e-07,
                0.0
            ],
            [
                0.15722228586673737,
                0.9875631928443909,
                3.449472174565926e-08,
                0.0
            ],
            [
                -4.3606797817119514e-07,
                3.449405028277397e-08,
                0.9999999403953552,
                0.0
            ],
            [
                6.603723019361496,
                6.667518537284423e-07,
                -5.321744699646538e-12,
                1.0
            ]
        ],
        "parent": "Bip01 Neck"
    },
    {
        "name": "Bip01 Jaw",
        "transform": [
            [
                -1.0842021724855044e-19,
                -1.1613851711445022e-06,
                -1.0,
                0.0
            ],
            [
                1.4212292853699182e-06,
                -0.9999999403953552,
                1.1613850574576645e-06,
                0.0
            ],
            [
                -1.0,
                -1.421229399056756e-06,
                -4.459020489543665e-22,
                0.0
            ],
            [
                5.121155083179474,
                1.277105137705803,
                -1.8144481472859297e-06,
                1.0
            ]
        ],
        "parent": "Bip01 Head"
    },
    {
        "name": "Bip01 LowerLip",
        "transform": [
            [
                1.0,
                -5.1683736906138215e-17,
                -5.5697251255537594e-09,
                0.0
            ],
            [
                1.4899810985707918e-14,
                0.9999997615814209,
                6.172068200494332e-14,
                0.0
            ],
            [
                5.5697251255537594e-09,
                -6.116044086110217e-14,
                1.0,
                0.0
            ],
            [
                -4.0777852206019816e-06,
                -10.822304338216782,
                2.6893462985754013,
                1.0
            ]
        ],
        "parent": "Bip01 Jaw"
    },
    {
        "name": "Bip01 Tongue",
        "transform": [
            [
                1.0,
                9.296229563915404e-08,
                -5.064963204404194e-08,
                0.0
            ],
            [
                -1.4661828195983162e-08,
                1.192095169244567e-07,
                -0.9999999403953552,
                0.0
            ],
            [
                -9.29626366996672e-08,
                0.9999996423721313,
                1.1920897691197752e-07,
                0.0
            ],
            [
                -1.3114183516904632e-06,
                -3.8691632449626923,
                1.8721159547567368,
                1.0
            ]
        ],
        "parent": "Bip01 Jaw"
    },
    {
        "name": "Bip01 Cheek-L-Lower",
        "transform": [
            [
                0.6611120700836182,
                0.7502869963645935,
                2.073559670634495e-07,
                0.0
            ],
            [
                1.0049424759017711e-07,
                1.113441925326697e-07,
                -1.0000001192092896,
                0.0
            ],
            [
                -0.7502870559692383,
                0.6611121296882629,
                -1.2773464064252948e-08,
                0.0
            ],
            [
                3.1750819751152903e-07,
                -2.8665365651249886,
                0.35520936362445354,
                1.0
            ]
        ],
        "parent": "Bip01 Jaw"
    },
    {
        "name": "Bip01 Cheek-R-Lower",
        "transform": [
            [
                0.6611118912696838,
                -0.7502871155738831,
                -1.485984597593415e-07,
                0.0
            ],
            [
                -5.976234973559258e-08,
                -2.3947458771544916e-07,
                0.9999999403953552,
                0.0
            ],
            [
                -0.7502872347831726,
                -0.6611117720603943,
                -2.3754029143674416e-07,
                0.0
            ],
            [
                1.4673191550684805e-07,
                -2.8665365651249886,
                0.3551941132172942,
                1.0
            ]
        ],
        "parent": "Bip01 Jaw"
    },
    {
        "name": "Bip01 Cheek-L-Upper",
        "transform": [
            [
                7.715833021393337e-07,
                -0.7502877712249756,
                -0.6611113548278809,
                0.0
            ],
            [
                1.0000001192092896,
                1.120867295867356e-06,
                -4.2935631938689767e-08,
                0.0
            ],
            [
                8.569894021093205e-07,
                -0.6611113548278809,
                0.7502877712249756,
                0.0
            ],
            [
                4.765941947698593,
                4.143640771508217,
                -5.442604944505547e-06,
                1.0
            ]
        ],
        "parent": "Bip01 Head"
    },
    {
        "name": "Bip01 Cheek-R-Upper",
        "transform": [
            [
                -9.5367431640625e-07,
                0.7502864599227905,
                -0.661112904548645,
                0.0
            ],
            [
                -1.0,
                -1.1920928955078125e-06,
                8.940696716308594e-08,
                0.0
            ],
            [
                -6.854534149169922e-07,
                0.661112904548645,
                0.7502864003181458,
                0.0
            ],
            [
                4.765957221388817,
                4.143640771508217,
                -5.271829550679286e-06,
                1.0
            ]
        ],
        "parent": "Bip01 Head"
    },
    {
        "name": "Bip01 UpperLip",
        "transform": [
            [
                -5.421010862427522e-20,
                -1.16138528483134e-06,
                -1.0,
                0.0
            ],
            [
                1.421229399056756e-06,
                -0.9999999403953552,
                1.1613851711445022e-06,
                0.0
            ],
            [
                -1.0,
                -1.4212295127435937e-06,
                -2.2031438627467046e-22,
                0.0
            ],
            [
                4.539413750171661,
                12.090272456407547,
                -1.4820086846611957e-05,
                1.0
            ]
        ],
        "parent": "Bip01 Head"
    },
    {
        "name": "Bip01 Eye-L",
        "transform": [
            [
                2.384185791015625e-07,
                -1.1920928955078125e-06,
                -1.0,
                0.0
            ],
            [
                1.0,
                1.1920928955078125e-06,
                2.384185791015625e-07,
                0.0
            ],
            [
                1.1920928955078125e-06,
                -1.0,
                1.1920928955078125e-06,
                0.0
            ],
            [
                11.30756065249443,
                9.374476224184036,
                -3.046475164592266,
                1.0
            ]
        ],
        "parent": "Bip01 Head"
    },
    {
        "name": "Bip01 Eye-R",
        "transform": [
            [
                5.960464477539063e-08,
                -1.430511474609375e-06,
                -1.0,
                0.0
            ],
            [
                1.0,
                1.1324882507324219e-06,
                2.9802322387695312e-08,
                0.0
            ],
            [
                1.1026859283447266e-06,
                -1.0,
                1.430511474609375e-06,
                0.0
            ],
            [
                11.30756065249443,
                9.374482929706573,
                3.046451322734356,
                1.0
            ]
        ],
        "parent": "Bip01 Head"
    },
    {
        "name": "Bip01 Blink-R-Upper",
        "transform": [
            [
                0.9723624587059021,
                -0.23323747515678406,
                0.010563047602772713,
                0.0
            ],
            [
                0.23323705792427063,
                0.9724190831184387,
                0.001289572101086378,
                0.0
            ],
            [
                -0.010572485625743866,
                0.0012097626458853483,
                0.9999433755874634,
                0.0
            ],
            [
                11.30756065249443,
                9.374482184648514,
                3.046451322734356,
                1.0
            ]
        ],
        "parent": "Bip01 Head"
    },
    {
        "name": "Bip01 Blink-L-Upper",
        "transform": [
            [
                0.9723625183105469,
                -0.233237162232399,
                -0.01056237705051899,
                0.0
            ],
            [
                0.23323671519756317,
                0.9724191427230835,
                -0.001291848486289382,
                0.0
            ],
            [
                0.010572364553809166,
                -0.0012073889374732971,
                0.9999433755874634,
                0.0
            ],
            [
                11.30756065249443,
                9.374476969242096,
                -3.046475164592266,
                1.0
            ]
        ],
        "parent": "Bip01 Head"
    },
    {
        "name": "Bip01 Eyebrow-R",
        "transform": [
            [
                -0.036493539810180664,
                0.36300671100616455,
                -0.9310716390609741,
                0.0
            ],
            [
                -0.9969015121459961,
                0.05174219608306885,
                0.05924704670906067,
                0.0
            ],
            [
                0.06968280673027039,
                0.9303488731384277,
                0.359993577003479,
                0.0
            ],
            [
                12.588255107402802,
                2.519817277789116,
                -0.27337276842445135,
                1.0
            ]
        ],
        "parent": "Bip01 Head"
    },
    {
        "name": "Bip01 Eyebrow-L",
        "transform": [
            [
                0.036493703722953796,
                -0.36300918459892273,
                -0.9310704469680786,
                0.0
            ],
            [
                0.9969015121459961,
                -0.0517415888607502,
                0.05924723669886589,
                0.0
            ],
            [
                -0.06968244910240173,
                -0.9303476810455322,
                0.35999616980552673,
                0.0
            ],
            [
                12.588271498680115,
                2.5198152288794518,
                0.273365736939013,
                1.0
            ]
        ],
        "parent": "Bip01 Head"
    },
    {
        "name": "Bip01 Blink-R-Lower",
        "transform": [
            [
                0.9236468076705933,
                0.3831084072589874,
                -0.010229297913610935,
                0.0
            ],
            [
                0.38309910893440247,
                -0.9237028360366821,
                -0.0029329874087125063,
                0.0
            ],
            [
                -0.010572480037808418,
                -0.001209789072163403,
                -0.9999436736106873,
                0.0
            ],
            [
                11.30756065249443,
                9.374482184648514,
                3.046451322734356,
                1.0
            ]
        ],
        "parent": "Bip01 Head"
    },
    {
        "name": "Bip01 Blink-L-Lower",
        "transform": [
            [
                0.9236467480659485,
                0.38310831785202026,
                0.010228280909359455,
                0.0
            ],
            [
                0.3830989599227905,
                -0.9237027764320374,
                0.002935128752142191,
                0.0
            ],
            [
                0.010572362691164017,
                0.0012074217665940523,
                -0.9999434947967529,
                0.0
            ],
            [
                11.30756065249443,
                9.374476969242096,
                -3.046475164592266,
                1.0
            ]
        ],
        "parent": "Bip01 Head"
    },
    {
        "name": "Bip01 L Clavicle",
        "transform": [
            [
                -0.21094679832458496,
                -0.04761775955557823,
                -0.9763370156288147,
                0.0
            ],
            [
                -0.18232211470603943,
                -0.9793682098388672,
                0.08715800195932388,
                0.0
            ],
            [
                -0.9603437185287476,
                0.19639354944229126,
                0.19791282713413239,
                0.0
            ],
            [
                7.3932561406309105e-06,
                0.005248898378340527,
                -3.3948395401239395,
                1.0
            ]
        ],
        "parent": "Bip01 Neck"
    },
    {
        "name": "Bip01 L UpperArm",
        "transform": [
            [
                0.7331785559654236,
                -0.029726041480898857,
                0.6793860197067261,
                0.0
            ],
            [
                0.08018805086612701,
                0.9958533644676208,
                -0.04296435788273811,
                0.0
            ],
            [
                -0.6752916574478149,
                0.08597919344902039,
                0.7325220704078674,
                0.0
            ],
            [
                16.37635827064514,
                1.0762928326357724e-07,
                7.3952378443209454e-06,
                1.0
            ]
        ],
        "parent": "Bip01 L Clavicle"
    },
    {
        "name": "Bip01 L Forearm",
        "transform": [
            [
                0.9800666570663452,
                -0.19866913557052612,
                -4.080297699715629e-08,
                0.0
            ],
            [
                0.19866913557052612,
                0.9800666570663452,
                6.047988776458624e-10,
                0.0
            ],
            [
                -1.3580239155430718e-08,
                -2.5451554519538913e-14,
                1.0,
                0.0
            ],
            [
                31.87430202960968,
                4.30540669782431e-07,
                2.6647580142480365e-06,
                1.0
            ]
        ],
        "parent": "Bip01 L UpperArm"
    },
    {
        "name": "Bip01 L Hand",
        "transform": [
            [
                1.0,
                3.937983272805923e-10,
                -3.907476653353115e-08,
                0.0
            ],
            [
                4.725412838801901e-10,
                0.0007962782401591539,
                0.9999997019767761,
                0.0
            ],
            [
                -1.2370358959401528e-08,
                -0.9999997019767761,
                0.0007962799863889813,
                0.0
            ],
            [
                26.830214262008667,
                -9.534995903948129e-07,
                -3.0133008976918063e-06,
                1.0
            ]
        ],
        "parent": "Bip01 L Forearm"
    },
    {
        "name": "Bip01 L Finger0",
        "transform": [
            [
                0.679364025592804,
                0.5821915864944458,
                0.44667375087738037,
                0.0
            ],
            [
                0.4342469573020935,
                0.1717142015695572,
                -0.8842756152153015,
                0.0
            ],
            [
                -0.5915180444717407,
                0.7947116494178772,
                -0.13615822792053223,
                0.0
            ],
            [
                2.2140583023428917,
                0.5791247356683016,
                2.77413260191679,
                1.0
            ]
        ],
        "parent": "Bip01 L Hand"
    },
    {
        "name": "Bip01 L Finger01",
        "transform": [
            [
                0.7372772097587585,
                0.6755902171134949,
                -2.0841559589257486e-09,
                0.0
            ],
            [
                -0.6755902171134949,
                0.7372772097587585,
                -3.262963943484465e-08,
                0.0
            ],
            [
                8.417389452120005e-09,
                -1.5804253905571386e-08,
                1.0,
                0.0
            ],
            [
                5.5093273520469666,
                4.592310887119311e-06,
                -2.591602843438068e-06,
                1.0
            ]
        ],
        "parent": "Bip01 L Finger0"
    },
    {
        "name": "Bip01 L Finger02",
        "transform": [
            [
                0.6626198887825012,
                0.748956024646759,
                2.106096275156233e-08,
                0.0
            ],
            [
                -0.748956024646759,
                0.6626198291778564,
                2.0387370014418593e-08,
                0.0
            ],
            [
                2.0668382560984355e-09,
                -6.892077575315625e-09,
                0.9999999403953552,
                0.0
            ],
            [
                3.0082039535045624,
                1.0512329673417753e-06,
                9.774777431914572e-07,
                1.0
            ]
        ],
        "parent": "Bip01 L Finger01"
    },
    {
        "name": "Bip01 L Finger1",
        "transform": [
            [
                0.9902679324150085,
                -0.00011082562559749931,
                0.13917294144630432,
                0.0
            ],
            [
                -5.576983141963865e-08,
                0.9999996423721313,
                0.0007962723029777408,
                0.0
            ],
            [
                -0.1391729861497879,
                -0.0007885289960540831,
                0.9902676939964294,
                0.0
            ],
            [
                10.152241587638855,
                -0.0028272002964513376,
                3.5475600510835648,
                1.0
            ]
        ],
        "parent": "Bip01 L Hand"
    },
    {
        "name": "Bip01 L Finger11",
        "transform": [
            [
                0.5446386933326721,
                0.8386707305908203,
                -1.077247446801266e-08,
                0.0
            ],
            [
                -0.8386707305908203,
                0.5446387529373169,
                2.0049352400519638e-08,
                0.0
            ],
            [
                1.2663480930541482e-08,
                -7.483712316513902e-09,
                1.0,
                0.0
            ],
            [
                4.0970224887132645,
                -5.742136544029108e-07,
                3.084959843135948e-07,
                1.0
            ]
        ],
        "parent": "Bip01 L Finger1"
    },
    {
        "name": "Bip01 L Finger12",
        "transform": [
            [
                0.5446387529373169,
                0.8386707305908203,
                -2.099734075500237e-08,
                0.0
            ],
            [
                -0.8386706709861755,
                0.5446387529373169,
                -2.1081980605686113e-08,
                0.0
            ],
            [
                1.1284656764587453e-08,
                -1.2186429643179508e-08,
                1.0,
                0.0
            ],
            [
                2.7952367439866066,
                -3.562561801118136e-07,
                1.137846972198986e-06,
                1.0
            ]
        ],
        "parent": "Bip01 L Finger11"
    },
    {
        "name": "Bip01 L Finger2",
        "transform": [
            [
                0.999847948551178,
                1.3899611985834781e-05,
                -0.017452001571655273,
                0.0
            ],
            [
                -5.576983141963865e-08,
                0.9999996423721313,
                0.0007962723029777408,
                0.0
            ],
            [
                0.017451997846364975,
                -0.0007961540832184255,
                0.9998477101325989,
                0.0
            ],
            [
                10.607083886861801,
                -0.0008452377187495586,
                1.0609251447021961,
                1.0
            ]
        ],
        "parent": "Bip01 L Hand"
    },
    {
        "name": "Bip01 L Finger21",
        "transform": [
            [
                -0.15643449127674103,
                0.987688422203064,
                2.2760824336387486e-09,
                0.0
            ],
            [
                -0.9876883625984192,
                -0.15643447637557983,
                -2.8696600651301196e-11,
                0.0
            ],
            [
                6.4179319636537e-09,
                9.350962226761794e-10,
                1.0,
                0.0
            ],
            [
                4.385188966989517,
                -3.1367193287223927e-07,
                -7.666391965699404e-08,
                1.0
            ]
        ],
        "parent": "Bip01 L Finger2"
    },
    {
        "name": "Bip01 L Finger22",
        "transform": [
            [
                0.5224981904029846,
                0.8526403903961182,
                -1.479772393508938e-08,
                0.0
            ],
            [
                -0.8526403307914734,
                0.5224981904029846,
                -4.725428937035758e-09,
                0.0
            ],
            [
                -5.876461983689296e-09,
                -9.999956418482725e-09,
                1.0,
                0.0
            ],
            [
                2.8112974017858505,
                -1.3865581571792518e-06,
                6.692282283893292e-07,
                1.0
            ]
        ],
        "parent": "Bip01 L Finger21"
    },
    {
        "name": "Bip01 L Finger3",
        "transform": [
            [
                0.994521975517273,
                8.325478120241314e-05,
                -0.10452797263860703,
                0.0
            ],
            [
                -5.576983141963865e-08,
                0.9999996423721313,
                0.0007962723029777408,
                0.0
            ],
            [
                0.10452799499034882,
                -0.000791911210399121,
                0.9945216178894043,
                0.0
            ],
            [
                10.22469624876976,
                0.0007752529199933633,
                -0.9765578433871269,
                1.0
            ]
        ],
        "parent": "Bip01 L Hand"
    },
    {
        "name": "Bip01 L Finger31",
        "transform": [
            [
                0.017451396211981773,
                0.9998477101325989,
                4.2615466711026784e-10,
                0.0
            ],
            [
                -0.9998477101325989,
                0.017451392486691475,
                4.1780490178666696e-10,
                0.0
            ],
            [
                -6.915361616677274e-10,
                2.224059825195468e-11,
                1.0,
                0.0
            ],
            [
                4.097017273306847,
                -5.060456942374003e-06,
                3.121699565511449e-07,
                1.0
            ]
        ],
        "parent": "Bip01 L Finger3"
    },
    {
        "name": "Bip01 L Finger32",
        "transform": [
            [
                0.4617484211921692,
                0.887010931968689,
                -7.767125609348113e-09,
                0.0
            ],
            [
                -0.8870108723640442,
                0.4617483913898468,
                9.73112701529999e-11,
                0.0
            ],
            [
                6.984719469471656e-10,
                -3.0413365159631667e-09,
                1.0,
                0.0
            ],
            [
                2.795240096747875,
                3.280725469068102e-07,
                2.670455412356887e-07,
                1.0
            ]
        ],
        "parent": "Bip01 L Finger31"
    },
    {
        "name": "Bip01 L Finger4",
        "transform": [
            [
                0.9848080277442932,
                0.00013830102398060262,
                -0.1736479550600052,
                0.0
            ],
            [
                -5.576983141963865e-08,
                0.9999996423721313,
                0.0007962723029777408,
                0.0
            ],
            [
                0.17364799976348877,
                -0.0007841745391488075,
                0.9848077297210693,
                0.0
            ],
            [
                9.541784226894379,
                0.002322819818800781,
                -2.9188932850956917,
                1.0
            ]
        ],
        "parent": "Bip01 L Hand"
    },
    {
        "name": "Bip01 L Finger41",
        "transform": [
            [
                0.3987489342689514,
                0.917060136795044,
                1.139476846212517e-09,
                0.0
            ],
            [
                -0.917060136795044,
                0.3987489342689514,
                1.1008303157922228e-09,
                0.0
            ],
            [
                9.237333120637459e-11,
                -1.9469845180530854e-10,
                1.0,
                0.0
            ],
            [
                3.414177894592285,
                -4.999845160114091e-06,
                1.0332602551343939e-07,
                1.0
            ]
        ],
        "parent": "Bip01 L Finger4"
    },
    {
        "name": "Bip01 L Finger42",
        "transform": [
            [
                0.25037968158721924,
                0.9681476354598999,
                -1.8878494323359973e-09,
                0.0
            ],
            [
                -0.9681477546691895,
                0.25037965178489685,
                7.157874293284294e-11,
                0.0
            ],
            [
                5.527014956818732e-10,
                2.571781676508067e-10,
                1.0,
                0.0
            ],
            [
                2.3293668404221535,
                -2.2804892196859328e-06,
                -3.381306623584379e-08,
                1.0
            ]
        ],
        "parent": "Bip01 L Finger41"
    },
    {
        "name": "Bip01 L Gun",
        "transform": [
            [
                -0.012479598633944988,
                0.9999164342880249,
                0.0033245068043470383,
                0.0
            ],
            [
                -0.061740975826978683,
                -0.004088956397026777,
                0.9980838894844055,
                0.0
            ],
            [
                0.9980140924453735,
                0.01225066278129816,
                0.0617867074906826,
                0.0
            ],
            [
                9.067502617835999,
                2.4896182119846344,
                0.6188138388097286,
                1.0
            ]
        ],
        "parent": "Bip01 L Hand"
    },
    {
        "name": "Bip01 L ForeTwist",
        "transform": [
            [
                1.0,
                3.937983272805923e-10,
                -3.907476653353115e-08,
                0.0
            ],
            [
                -1.5305250400388104e-09,
                1.0,
                -0.00023018987849354744,
                0.0
            ],
            [
                -1.231792801092979e-08,
                0.00023017941566649824,
                1.0,
                0.0
            ],
            [
                1.3593980163761898e-06,
                -1.1026534130209598e-07,
                2.6293317745285094e-06,
                1.0
            ]
        ],
        "parent": "Bip01 L Forearm"
    },
    {
        "name": "Bip01 L ForeTwist1",
        "transform": [
            [
                1.0,
                4.872680925416262e-09,
                -1.0395662997098043e-08,
                0.0
            ],
            [
                2.514105901241237e-08,
                0.9999999403953552,
                -0.0002301780041307211,
                0.0
            ],
            [
                -1.6973054073332605e-08,
                0.00023017449711915106,
                0.9999999403953552,
                0.0
            ],
            [
                13.415111601352692,
                6.249482265019424e-07,
                3.0664751293763004e-08,
                1.0
            ]
        ],
        "parent": "Bip01 L ForeTwist"
    },
    {
        "name": "Bip01 L Shoulder",
        "transform": [
            [
                0.9763373136520386,
                -0.0871562585234642,
                -0.1979132741689682,
                0.0
            ],
            [
                -0.08018893003463745,
                -0.9958529472351074,
                0.042965199798345566,
                0.0
            ],
            [
                -0.20083725452423096,
                -0.02607807144522667,
                -0.9792772531509399,
                0.0
            ],
            [
                2.4343764409422874,
                -2.8032680973410606,
                -2.0250003784894943,
                1.0
            ]
        ],
        "parent": "Bip01 L Clavicle"
    },
    {
        "name": "Bip01 L Jacket",
        "transform": [
            [
                0.9999997019767761,
                -9.496154085297803e-09,
                1.6154832849224476e-07,
                0.0
            ],
            [
                -3.884845334312104e-09,
                -0.9999997019767761,
                -4.5314720864553237e-07,
                0.0
            ],
            [
                9.67092290693472e-08,
                4.530665762558783e-07,
                -0.9999997019767761,
                0.0
            ],
            [
                14.290770888328552,
                2.7584144845604897,
                -11.688592284917831,
                1.0
            ]
        ],
        "parent": "Bip01 L Shoulder"
    },
    {
        "name": "Bip01 L Jacket Low",
        "transform": [
            [
                0.9999997615814209,
                -5.636558442212447e-10,
                5.23273122610135e-08,
                0.0
            ],
            [
                -5.8551595571998405e-08,
                -1.0,
                -1.7271713659283705e-07,
                0.0
            ],
            [
                1.0734011368640495e-07,
                1.608998019264618e-07,
                -1.0,
                0.0
            ],
            [
                -3.81745807826519,
                -4.615488275885582,
                40.53122699260712,
                1.0
            ]
        ],
        "parent": "Bip01 L Jacket"
    },
    {
        "name": "Bip01 R Clavicle",
        "transform": [
            [
                -0.21094679832458496,
                -0.04761234298348427,
                0.9763372540473938,
                0.0
            ],
            [
                -0.18232211470603943,
                -0.9793686866760254,
                -0.08715257048606873,
                0.0
            ],
            [
                0.9603437185287476,
                -0.19639244675636292,
                0.19791391491889954,
                0.0
            ],
            [
                7.3655897381286195e-06,
                0.005267556480248459,
                3.3948399126529694,
                1.0
            ]
        ],
        "parent": "Bip01 Neck"
    },
    {
        "name": "Bip01 R UpperArm",
        "transform": [
            [
                0.7331785559654236,
                -0.029726143926382065,
                -0.6793860793113708,
                0.0
            ],
            [
                0.08018822222948074,
                0.9958533644676208,
                0.0429643951356411,
                0.0
            ],
            [
                0.6752916574478149,
                -0.08597934246063232,
                0.7325220704078674,
                0.0
            ],
            [
                16.37635976076126,
                1.6648300793509208e-09,
                -7.50205231270229e-06,
                1.0
            ]
        ],
        "parent": "Bip01 R Clavicle"
    },
    {
        "name": "Bip01 R Forearm",
        "transform": [
            [
                0.9800666570663452,
                -0.19866913557052612,
                4.655611363091339e-08,
                0.0
            ],
            [
                0.19866913557052612,
                0.9800666570663452,
                3.355529187842876e-09,
                0.0
            ],
            [
                1.358032353238059e-08,
                -1.235768045781526e-14,
                1.0,
                0.0
            ],
            [
                31.87430202960968,
                -8.690483332962629e-08,
                -3.410925231150941e-06,
                1.0
            ]
        ],
        "parent": "Bip01 R UpperArm"
    },
    {
        "name": "Bip01 R Hand",
        "transform": [
            [
                1.0,
                -7.421321335243647e-10,
                -3.616251476046273e-08,
                0.0
            ],
            [
                4.173211110014563e-08,
                0.0007962740492075682,
                -0.9999997019767761,
                0.0
            ],
            [
                3.896005296155636e-09,
                0.9999997019767761,
                0.000796264735981822,
                0.0
            ],
            [
                26.83020830154419,
                -5.179983553205147e-07,
                2.9939631218667273e-06,
                1.0
            ]
        ],
        "parent": "Bip01 R Forearm"
    },
    {
        "name": "Bip01 R Finger0",
        "transform": [
            [
                0.679364025592804,
                0.582191526889801,
                -0.44667375087738037,
                0.0
